<?xml version="1.0"?>
<opencv_storage>
<Camera1_Intrinsic type_id="opencv-matrix">
  <rows>3</rows>
  <cols>3</cols>
  <dt>d</dt>
  <data>
    1.6940278465599999e+03 0. 1.6418350000000000e+03 0.
    1.7052258890099999e+03 1.2283972000000001e+03 0. 0. 1.</data></Camera1_Intrinsic>
<Camera1_Distortion type_id="opencv-matrix">
  <rows>5</rows>
  <cols>1</cols>
  <dt>d</dt>
  <data>
    3.7496000000000002e-02 -8.2654400000000003e-02
    2.4266200000000000e-03 -1.2303300000000000e-03
    5.5027890000000003e-02</data></Camera1_Distortion>
<Camera2_Intrinsic type_id="opencv-matrix">
  <rows>3</rows>
  <cols>3</cols>
  <dt>d</dt>
  <data>
    2.5659882589099998e+03 0. 1.6125422000000001e+03 0.
    2.5651436878599998e+03 1.2484793999999999e+03 0. 0. 1.</data></Camera2_Intrinsic>
<Camera2_Distortion type_id="opencv-matrix">
  <rows>5</rows>
  <cols>1</cols>
  <dt>d</dt>
  <data>
    1.9371612999999999e-01 -6.7526297000000002e-01
    1.0310999999999999e-04 -5.5753900000000004e-03
    6.9787982999999998e-01</data></Camera2_Distortion>
<Rotation_Matrix type_id="opencv-matrix">
  <rows>3</rows>
  <cols>3</cols>
  <dt>d</dt>
  <data>
    8.0144212999999997e-01 -3.3721527000000001e-01
    -4.9393964000000001e-01 3.7691302999999998e-01
    9.2601871000000002e-01 -2.0637460000000000e-02
    4.6435662000000000e-01 -1.6963255999999999e-01
    8.6925123999999998e-01</data></Rotation_Matrix>
<Translation_Vector type_id="opencv-matrix">
  <rows>3</rows>
  <cols>1</cols>
  <dt>d</dt>
  <data>
    -2.5315976699999999e+02 7.6250386390000003e+01
    1.2291907039000000e+02</data></Translation_Vector>
<Essential_Matrix type_id="opencv-matrix">
  <rows>0</rows>
  <cols>0</cols>
  <dt>u</dt>
  <data></data></Essential_Matrix>
<Fundamental_Matrix type_id="opencv-matrix">
  <rows>0</rows>
  <cols>0</cols>
  <dt>u</dt>
  <data></data></Fundamental_Matrix>
<Rectification_R1 type_id="opencv-matrix">
  <rows>3</rows>
  <cols>3</cols>
  <dt>d</dt>
  <data>
    4.0153253016346646e-01 -4.6344798559765404e-01
    -7.8992885240760868e-01 5.0803548492075312e-01
    8.3035726858996106e-01 -2.2892521172023494e-01
    7.6201809248984365e-01 -3.0939096810556033e-01
    5.6886347709520246e-01</data></Rectification_R1>
<Rectification_R2 type_id="opencv-matrix">
  <rows>3</rows>
  <cols>3</cols>
  <dt>d</dt>
  <data>
    8.6826399909762209e-01 -2.6151653639229455e-01
    -4.2157648068219128e-01 2.4022713213535057e-01
    9.6513600216390494e-01 -1.0393951276150780e-01
    4.3406054054363108e-01 -1.1027171915431780e-02
    9.0081621245541432e-01</data></Rectification_R2>
<Projection_P1 type_id="opencv-matrix">
  <rows>3</rows>
  <cols>4</cols>
  <dt>d</dt>
  <data>
    -8.1190283054256652e+03 0. 4.5129204027652740e+03 0. 0.
    -8.1190283054256652e+03 5.8546098594665527e+03 0. 0. 0. 1. 0.</data></Projection_P1>
<Projection_P2 type_id="opencv-matrix">
  <rows>3</rows>
  <cols>4</cols>
  <dt>d</dt>
  <data>
    -8.1190283054256652e+03 0. 4.5129204027652740e+03
    2.3672653895636965e+06 0. -8.1190283054256652e+03
    5.8546098594665527e+03 0. 0. 0. 1. 0.</data></Projection_P2>
<Disparity_Q type_id="opencv-matrix">
  <rows>4</rows>
  <cols>4</cols>
  <dt>d</dt>
  <data>
    1. 0. 0. -4.5129204027652740e+03 0. 1. 0. -5.8546098594665527e+03 0.
    0. 0. -8.1190283054256652e+03 0. 0. 3.4297076877054578e-03 0.</data></Disparity_Q>
<Reprojection_Error>0.</Reprojection_Error>
</opencv_storage>
